error rate verse SNR, N=1024, rate=0.500000
SNR = [ 1.000000, 1.250000, 1.500000, 1.750000, 2.000000, 2.250000, 2.500000 ]
fast_SC_error_rate = [ 2.504785e-01, 1.520801e-01, 1.011426e-01, 5.893945e-02, 3.026855e-02, 1.407295e-02, 6.192773e-03 ]
fast_SCL2_error_rate = [ 1.619141e-01, 8.682617e-02, 4.511719e-02, 2.106348e-02, 9.720703e-03, 3.479785e-03, 1.352930e-03 ]
fast_SCL4_error_rate = [ 1.182910e-01, 5.659180e-02, 1.933594e-02, 1.060254e-02, 3.480469e-03, 1.235156e-03, 3.505859e-04 ]
fast_SCL8_error_rate = [ 9.067383e-02, 3.971680e-02, 1.481445e-02, 5.593750e-03, 1.193359e-03, 5.380859e-04, 1.291992e-04 ]
fast_SCL16_error_rate = [ 8.062500e-02, 3.253906e-02, 1.014648e-02, 3.503906e-03, 3.710938e-04, 2.805664e-04, 5.322266e-05 ]
fast_SCL32_error_rate = [ 6.900391e-02, 3.122070e-02, 6.435547e-03, 2.243164e-03, 2.597656e-04, 1.526367e-04, 1.943359e-05 ]