<--- time consume verse N in one simulation, rate=0.500000, list_num=8 --->
N = [ 64, 128, 256, 512, 1024]
SCL_decode = [ 2.121000e-03, 4.966000e-03, 1.115800e-02, 2.546500e-02, 5.834300e-02]
SCL_decode2 = [ 1.503000e-03, 3.330000e-03, 7.997000e-03, 1.731900e-02, 3.792400e-02 ]
SCL_decode2_CRC16 = [ 2.020000e-03, 3.900000e-03, 8.660000e-03, 1.776000e-02, 3.913000e-02 ]
fast_SCL_decode = [ 1.430000e-03, 3.080000e-03, 7.180000e-03, 1.540000e-02, 3.299000e-02 ]